(kicad_pcb (version 20171130) (host pcbnew "(5.1.2)-1")

  (general
    (thickness 1.6)
    (drawings 4)
    (tracks 374)
    (zones 0)
    (modules 52)
    (nets 39)
  )

  (page A4)
  (layers
    (0 F.Cu signal)
    (31 B.Cu signal)
    (32 B.Adhes user)
    (33 F.Adhes user)
    (34 B.Paste user)
    (35 F.Paste user)
    (36 B.SilkS user)
    (37 F.SilkS user)
    (38 B.Mask user)
    (39 F.Mask user)
    (40 Dwgs.User user)
    (41 Cmts.User user)
    (42 Eco1.User user)
    (43 Eco2.User user)
    (44 Edge.Cuts user)
    (45 Margin user)
    (46 B.CrtYd user)
    (47 F.CrtYd user)
    (48 B.Fab user)
    (49 F.Fab user)
  )

  (setup
    (last_trace_width 0.25)
    (trace_clearance 0.2)
    (zone_clearance 0.5)
    (zone_45_only no)
    (trace_min 0.2)
    (via_size 0.8)
    (via_drill 0.4)
    (via_min_size 0.4)
    (via_min_drill 0.3)
    (uvia_size 0.3)
    (uvia_drill 0.1)
    (uvias_allowed no)
    (uvia_min_size 0.2)
    (uvia_min_drill 0.1)
    (edge_width 0.05)
    (segment_width 0.2)
    (pcb_text_width 0.3)
    (pcb_text_size 1.5 1.5)
    (mod_edge_width 0.12)
    (mod_text_size 1 1)
    (mod_text_width 0.15)
    (pad_size 0.8 0.8)
    (pad_drill 0.5)
    (pad_to_mask_clearance 0.051)
    (solder_mask_min_width 0.25)
    (aux_axis_origin 50 50)
    (grid_origin 50 50)
    (visible_elements 7FFFFFFF)
    (pcbplotparams
      (layerselection 0x010fc_ffffffff)
      (usegerberextensions false)
      (usegerberattributes false)
      (usegerberadvancedattributes false)
      (creategerberjobfile false)
      (excludeedgelayer true)
      (linewidth 0.100000)
      (plotframeref false)
      (viasonmask false)
      (mode 1)
      (useauxorigin false)
      (hpglpennumber 1)
      (hpglpenspeed 20)
      (hpglpendiameter 15.000000)
      (psnegative false)
      (psa4output false)
      (plotreference true)
      (plotvalue true)
      (plotinvisibletext false)
      (padsonsilk false)
      (subtractmaskfromsilk false)
      (outputformat 1)
      (mirror false)
      (drillshape 1)
      (scaleselection 1)
      (outputdirectory ""))
  )

  (net 0 "")
  (net 1 "Net-(BT1-Pad1)")
  (net 2 GND)
  (net 3 +5V)
  (net 4 "Net-(D1-Pad1)")
  (net 5 "Net-(D2-Pad1)")
  (net 6 "Net-(D3-Pad4)")
  (net 7 "Net-(D3-Pad2)")
  (net 8 "Net-(D4-Pad2)")
  (net 9 "Net-(D5-Pad2)")
  (net 10 "Net-(D6-Pad2)")
  (net 11 "Net-(D7-Pad2)")
  (net 12 "Net-(D8-Pad2)")
  (net 13 "Net-(D10-Pad4)")
  (net 14 "Net-(D10-Pad2)")
  (net 15 "Net-(D11-Pad2)")
  (net 16 "Net-(D12-Pad2)")
  (net 17 "Net-(D13-Pad2)")
  (net 18 "Net-(D14-Pad2)")
  (net 19 "Net-(D15-Pad2)")
  (net 20 "Net-(D16-Pad2)")
  (net 21 "Net-(F1-Pad2)")
  (net 22 "Net-(J1-PadA5)")
  (net 23 "Net-(J1-PadA8)")
  (net 24 "Net-(J1-PadB8)")
  (net 25 "Net-(J2-Pad1)")
  (net 26 "Net-(J2-Pad3)")
  (net 27 "Net-(J2-Pad4)")
  (net 28 "Net-(J2-Pad5)")
  (net 29 "Net-(SW2-Pad1)")
  (net 30 "Net-(SW2-Pad3)")
  (net 31 "Net-(SW2-Pad2)")
  (net 32 "Net-(SW2-Pad4)")
  (net 33 "Net-(SW2-Pad6)")
  (net 34 "Net-(U2-Pad1)")
  (net 35 "Net-(U2-Pad2)")
  (net 36 "Net-(U2-Pad7)")
  (net 37 /D+)
  (net 38 /D-)

  (net_class Default "This is the default net class."
    (clearance 0.2)
    (trace_width 0.25)
    (via_dia 0.8)
    (via_drill 0.4)
    (uvia_dia 0.3)
    (uvia_drill 0.1)
    (add_net +5V)
    (add_net /D+)
    (add_net /D-)
    (add_net GND)
    (add_net "Net-(BT1-Pad1)")
    (add_net "Net-(D1-Pad1)")
    (add_net "Net-(D10-Pad2)")
    (add_net "Net-(D10-Pad4)")
    (add_net "Net-(D11-Pad2)")
    (add_net "Net-(D12-Pad2)")
    (add_net "Net-(D13-Pad2)")
    (add_net "Net-(D14-Pad2)")
    (add_net "Net-(D15-Pad2)")
    (add_net "Net-(D16-Pad2)")
    (add_net "Net-(D2-Pad1)")
    (add_net "Net-(D3-Pad2)")
    (add_net "Net-(D3-Pad4)")
    (add_net "Net-(D4-Pad2)")
    (add_net "Net-(D5-Pad2)")
    (add_net "Net-(D6-Pad2)")
    (add_net "Net-(D7-Pad2)")
    (add_net "Net-(D8-Pad2)")
    (add_net "Net-(F1-Pad2)")
    (add_net "Net-(J1-PadA5)")
    (add_net "Net-(J1-PadA8)")
    (add_net "Net-(J1-PadB8)")
    (add_net "Net-(J2-Pad1)")
    (add_net "Net-(J2-Pad3)")
    (add_net "Net-(J2-Pad4)")
    (add_net "Net-(J2-Pad5)")
    (add_net "Net-(SW2-Pad1)")
    (add_net "Net-(SW2-Pad2)")
    (add_net "Net-(SW2-Pad3)")
    (add_net "Net-(SW2-Pad4)")
    (add_net "Net-(SW2-Pad6)")
    (add_net "Net-(U2-Pad1)")
    (add_net "Net-(U2-Pad2)")
    (add_net "Net-(U2-Pad7)")
  )

  (module MountingHole:MountingHole_3.2mm_M3_Pad_Via (layer F.Cu) (tedit 5CC9EDF5) (tstamp 5CCA49D0)
    (at 55 116)
    (descr "Mounting Hole 3.2mm, M3")
    (tags "mounting hole 3.2mm m3")
    (zone_connect 2)
    (attr virtual)
    (fp_text reference REF** (at 0 -4.2) (layer F.SilkS)
      (effects (font (size 1 1) (thickness 0.15)))
    )
    (fp_text value MountingHole_3.2mm_M3_Pad_Via (at 0 4.2) (layer F.Fab)
      (effects (font (size 1 1) (thickness 0.15)))
    )
    (fp_text user %R (at 0.3 0) (layer F.Fab)
      (effects (font (size 1 1) (thickness 0.15)))
    )
    (fp_circle (center 0 0) (end 3.2 0) (layer Cmts.User) (width 0.15))
    (fp_circle (center 0 0) (end 3.45 0) (layer F.CrtYd) (width 0.05))
    (pad 1 thru_hole circle (at 0 0) (size 6.4 6.4) (drill 3.2) (layers *.Cu *.Mask)
      (net 2 GND) (zone_connect 2))
    (pad 1 thru_hole circle (at 2.4 0) (size 0.8 0.8) (drill 0.5) (layers *.Cu *.Mask)
      (net 2 GND) (zone_connect 2))
    (pad 1 thru_hole circle (at 1.697056 1.697056) (size 0.8 0.8) (drill 0.5) (layers *.Cu *.Mask)
      (net 2 GND) (zone_connect 2))
    (pad 1 thru_hole circle (at 0 2.4) (size 0.8 0.8) (drill 0.5) (layers *.Cu *.Mask)
      (net 2 GND) (zone_connect 2))
    (pad 1 thru_hole circle (at -1.697056 1.697056) (size 0.8 0.8) (drill 0.5) (layers *.Cu *.Mask)
      (net 2 GND) (zone_connect 2))
    (pad 1 thru_hole circle (at -2.4 0) (size 0.8 0.8) (drill 0.5) (layers *.Cu *.Mask)
      (net 2 GND) (zone_connect 2))
    (pad 1 thru_hole circle (at -1.697056 -1.697056) (size 0.8 0.8) (drill 0.5) (layers *.Cu *.Mask)
      (net 2 GND) (zone_connect 2))
    (pad 1 thru_hole circle (at 0 -2.4) (size 0.8 0.8) (drill 0.5) (layers *.Cu *.Mask)
      (net 2 GND) (zone_connect 2))
    (pad 1 thru_hole circle (at 1.697056 -1.697056) (size 0.8 0.8) (drill 0.5) (layers *.Cu *.Mask)
      (net 2 GND) (zone_connect 2))
  )

  (module MountingHole:MountingHole_3.2mm_M3_Pad_Via (layer F.Cu) (tedit 5CC9EDF5) (tstamp 5CCA42B0)
    (at 145 116)
    (descr "Mounting Hole 3.2mm, M3")
    (tags "mounting hole 3.2mm m3")
    (zone_connect 2)
    (attr virtual)
    (fp_text reference REF** (at 0 -4.2) (layer F.SilkS)
      (effects (font (size 1 1) (thickness 0.15)))
    )
    (fp_text value MountingHole_3.2mm_M3_Pad_Via (at 0 4.2) (layer F.Fab)
      (effects (font (size 1 1) (thickness 0.15)))
    )
    (fp_circle (center 0 0) (end 3.45 0) (layer F.CrtYd) (width 0.05))
    (fp_circle (center 0 0) (end 3.2 0) (layer Cmts.User) (width 0.15))
    (fp_text user %R (at 0.3 0) (layer F.Fab)
      (effects (font (size 1 1) (thickness 0.15)))
    )
    (pad 1 thru_hole circle (at 1.697056 -1.697056) (size 0.8 0.8) (drill 0.5) (layers *.Cu *.Mask)
      (net 2 GND) (zone_connect 2))
    (pad 1 thru_hole circle (at 0 -2.4) (size 0.8 0.8) (drill 0.5) (layers *.Cu *.Mask)
      (net 2 GND) (zone_connect 2))
    (pad 1 thru_hole circle (at -1.697056 -1.697056) (size 0.8 0.8) (drill 0.5) (layers *.Cu *.Mask)
      (net 2 GND) (zone_connect 2))
    (pad 1 thru_hole circle (at -2.4 0) (size 0.8 0.8) (drill 0.5) (layers *.Cu *.Mask)
      (net 2 GND) (zone_connect 2))
    (pad 1 thru_hole circle (at -1.697056 1.697056) (size 0.8 0.8) (drill 0.5) (layers *.Cu *.Mask)
      (net 2 GND) (zone_connect 2))
    (pad 1 thru_hole circle (at 0 2.4) (size 0.8 0.8) (drill 0.5) (layers *.Cu *.Mask)
      (net 2 GND) (zone_connect 2))
    (pad 1 thru_hole circle (at 1.697056 1.697056) (size 0.8 0.8) (drill 0.5) (layers *.Cu *.Mask)
      (net 2 GND) (zone_connect 2))
    (pad 1 thru_hole circle (at 2.4 0) (size 0.8 0.8) (drill 0.5) (layers *.Cu *.Mask)
      (net 2 GND) (zone_connect 2))
    (pad 1 thru_hole circle (at 0 0) (size 6.4 6.4) (drill 3.2) (layers *.Cu *.Mask)
      (net 2 GND) (zone_connect 2))
  )

  (module Clock_Footprints:U262-16XN-4BVC11 (layer B.Cu) (tedit 5CC8B149) (tstamp 5CC7DC1A)
    (at 150 140 270)
    (descr "USB 2.0 Type-C Receptacle, https://lcsc.com/product-detail/USB-Connectors_XKB-U262-16XN-4BVC11_C319148.html")
    (tags "USB Type-C Receptacle")
    (path /5CC92605)
    (fp_text reference J1 (at 0 8.95 270) (layer B.SilkS)
      (effects (font (size 1 1) (thickness 0.15)) (justify mirror))
    )
    (fp_text value U262-16XN-4BVC11 (at 0 10.474 270) (layer B.Fab)
      (effects (font (size 1 1) (thickness 0.15)) (justify mirror))
    )
    (fp_line (start -4.82 0) (end 4.82 0) (layer B.SilkS) (width 0.12))
    (pad A12/B1 smd rect (at 3.2 7.355 270) (size 0.6 1.15) (layers B.Cu B.Paste B.Mask)
      (net 2 GND))
    (pad A9/B4 smd rect (at 2.4 7.355 270) (size 0.6 1.15) (layers B.Cu B.Paste B.Mask)
      (net 21 "Net-(F1-Pad2)"))
    (pad A1/B12 smd rect (at -3.2 7.355 270) (size 0.6 1.15) (layers B.Cu B.Paste B.Mask)
      (net 2 GND))
    (pad S1 thru_hole oval (at -4.32 2.6 270) (size 1 1.6) (drill oval 0.6 1.2) (layers *.Cu *.Mask)
      (net 2 GND))
    (pad S1 thru_hole oval (at 4.32 2.6 270) (size 1 1.6) (drill oval 0.6 1.2) (layers *.Cu *.Mask)
      (net 2 GND))
    (pad S1 thru_hole oval (at -4.32 6.78 270) (size 1 2.1) (drill oval 0.6 1.7) (layers *.Cu *.Mask)
      (net 2 GND))
    (pad S1 thru_hole oval (at 4.32 6.78 270) (size 1 2.1) (drill oval 0.6 1.7) (layers *.Cu *.Mask)
      (net 2 GND))
    (pad "" np_thru_hole circle (at -2.89 6.28 270) (size 0.65 0.65) (drill 0.65) (layers *.Cu *.Mask))
    (pad "" np_thru_hole circle (at 2.89 6.3 270) (size 0.65 0.65) (drill 0.65) (layers *.Cu *.Mask))
    (pad A4/B9 smd rect (at -2.4 7.355 270) (size 0.6 1.15) (layers B.Cu B.Paste B.Mask)
      (net 21 "Net-(F1-Pad2)"))
    (pad B8 smd rect (at -1.75 7.355 270) (size 0.3 1.15) (layers B.Cu B.Paste B.Mask)
      (net 24 "Net-(J1-PadB8)"))
    (pad A5 smd rect (at -1.25 7.355 270) (size 0.3 1.15) (layers B.Cu B.Paste B.Mask)
      (net 22 "Net-(J1-PadA5)"))
    (pad B7 smd rect (at -0.75 7.355 270) (size 0.3 1.15) (layers B.Cu B.Paste B.Mask)
      (net 4 "Net-(D1-Pad1)"))
    (pad A6 smd rect (at -0.25 7.355 270) (size 0.3 1.15) (layers B.Cu B.Paste B.Mask)
      (net 5 "Net-(D2-Pad1)"))
    (pad A7 smd rect (at 0.25 7.355 270) (size 0.3 1.15) (layers B.Cu B.Paste B.Mask)
      (net 4 "Net-(D1-Pad1)"))
    (pad B6 smd rect (at 0.75 7.355 270) (size 0.3 1.15) (layers B.Cu B.Paste B.Mask)
      (net 5 "Net-(D2-Pad1)"))
    (pad A8 smd rect (at 1.25 7.355 270) (size 0.3 1.15) (layers B.Cu B.Paste B.Mask)
      (net 23 "Net-(J1-PadA8)"))
    (pad B5 smd rect (at 1.75 7.355 270) (size 0.3 1.15) (layers B.Cu B.Paste B.Mask)
      (net 22 "Net-(J1-PadA5)"))
  )

  (module Clock_Footprints:K1-5203UA-01 (layer B.Cu) (tedit 5CC86AF7) (tstamp 5CC7E314)
    (at 100.6 70.9 315)
    (path /5CC8B05F)
    (fp_text reference SW2 (at 0.059999 0 315) (layer B.SilkS)
      (effects (font (size 1 1) (thickness 0.15)) (justify mirror))
    )
    (fp_text value SW_5_Way (at 0 6.6 315) (layer B.Fab)
      (effects (font (size 1 1) (thickness 0.15)) (justify mirror))
    )
    (fp_line (start 1.2 3.8) (end 2.4 3.8) (layer B.SilkS) (width 0.15))
    (fp_line (start 2.4 3.8) (end 3.8 2.4) (layer B.SilkS) (width 0.15))
    (fp_line (start 3.8 2.4) (end 3.8 2.1) (layer B.SilkS) (width 0.15))
    (fp_line (start 3.8 -2.1) (end 3.8 -2.4) (layer B.SilkS) (width 0.15))
    (fp_line (start 3.8 -2.4) (end 2.4 -3.8) (layer B.SilkS) (width 0.15))
    (fp_line (start 2.4 -3.8) (end 1.2 -3.8) (layer B.SilkS) (width 0.15))
    (fp_line (start -1.2 -3.8) (end -2.4 -3.8) (layer B.SilkS) (width 0.15))
    (fp_line (start -2.4 -3.8) (end -3.8 -2.4) (layer B.SilkS) (width 0.15))
    (fp_line (start -3.8 -2.4) (end -3.8 -2.1) (layer B.SilkS) (width 0.15))
    (fp_line (start -1.2 3.8) (end -2.4 3.8) (layer B.SilkS) (width 0.15))
    (fp_line (start -2.4 3.8) (end -3.8 2.4) (layer B.SilkS) (width 0.15))
    (fp_line (start -3.8 2.4) (end -3.8 2.1) (layer B.SilkS) (width 0.15))
    (fp_line (start -2.5 -2.5) (end -2.5 -2.2) (layer B.SilkS) (width 0.15))
    (fp_line (start -2.5 -2.5) (end -2.2 -2.5) (layer B.SilkS) (width 0.15))
    (fp_line (start -2.5 -2.5) (end -2 -2) (layer B.SilkS) (width 0.15))
    (fp_line (start 2.501785 -2.517307) (end 2.501785 -2.217307) (layer B.SilkS) (width 0.15))
    (fp_line (start 2.501785 -2.517307) (end 2.001785 -2.017307) (layer B.SilkS) (width 0.15))
    (fp_line (start 2.501785 -2.517307) (end 2.201785 -2.517307) (layer B.SilkS) (width 0.15))
    (fp_line (start 2.5 2.5) (end 2.2 2.5) (layer B.SilkS) (width 0.15))
    (fp_line (start 2.5 2.5) (end 2 2) (layer B.SilkS) (width 0.15))
    (fp_line (start -2.501785 2.517307) (end -2.201785 2.517307) (layer B.SilkS) (width 0.15))
    (fp_line (start -2.501785 2.517307) (end -2.001785 2.017307) (layer B.SilkS) (width 0.15))
    (fp_line (start -2.501785 2.517307) (end -2.501785 2.217307) (layer B.SilkS) (width 0.15))
    (fp_line (start 2.5 2.5) (end 2.5 2.2) (layer B.SilkS) (width 0.15))
    (pad 1 smd rect (at 3.85 -1.4 315) (size 2.5 1.1) (layers B.Cu B.Paste B.Mask)
      (net 29 "Net-(SW2-Pad1)"))
    (pad 3 smd rect (at 3.85 1.4 315) (size 2.5 1.1) (layers B.Cu B.Paste B.Mask)
      (net 30 "Net-(SW2-Pad3)"))
    (pad 2 smd rect (at 3.85 0 315) (size 2.5 1.1) (layers B.Cu B.Paste B.Mask)
      (net 31 "Net-(SW2-Pad2)"))
    (pad "" np_thru_hole circle (at 0 1.9 315) (size 1 1) (drill 1) (layers *.Cu))
    (pad "" np_thru_hole circle (at 0 -1.9 315) (size 0.7 0.7) (drill 0.7) (layers *.Cu))
    (pad "" smd rect (at 0 4.4 315) (size 2 2.5) (layers B.Cu B.Paste B.Mask))
    (pad "" smd rect (at 0 -4.4 315) (size 2 2.5) (layers B.Cu B.Paste B.Mask))
    (pad 5 smd rect (at -3.85 0 135) (size 2.5 1.1) (layers B.Cu B.Paste B.Mask)
      (net 2 GND))
    (pad 4 smd rect (at -3.85 -1.4 135) (size 2.5 1.1) (layers B.Cu B.Paste B.Mask)
      (net 32 "Net-(SW2-Pad4)"))
    (pad 6 smd rect (at -3.85 1.4 135) (size 2.5 1.1) (layers B.Cu B.Paste B.Mask)
      (net 33 "Net-(SW2-Pad6)"))
  )

  (module LED_SMD:LED_SK6812_PLCC4_5.0x5.0mm_P3.2mm (layer F.Cu) (tedit 5AA4B263) (tstamp 5CC874B7)
    (at 135 132 180)
    (descr https://cdn-shop.adafruit.com/product-files/1138/SK6812+LED+datasheet+.pdf)
    (tags "LED RGB NeoPixel")
    (path /5C8DD37D)
    (attr smd)
    (fp_text reference D16 (at 0 -3.5) (layer F.SilkS)
      (effects (font (size 1 1) (thickness 0.15)))
    )
    (fp_text value SK6812 (at 0 4) (layer F.Fab)
      (effects (font (size 1 1) (thickness 0.15)))
    )
    (fp_circle (center 0 0) (end 0 -2) (layer F.Fab) (width 0.1))
    (fp_line (start 3.65 2.75) (end 3.65 1.6) (layer F.SilkS) (width 0.12))
    (fp_line (start -3.65 2.75) (end 3.65 2.75) (layer F.SilkS) (width 0.12))
    (fp_line (start -3.65 -2.75) (end 3.65 -2.75) (layer F.SilkS) (width 0.12))
    (fp_line (start 2.5 -2.5) (end -2.5 -2.5) (layer F.Fab) (width 0.1))
    (fp_line (start 2.5 2.5) (end 2.5 -2.5) (layer F.Fab) (width 0.1))
    (fp_line (start -2.5 2.5) (end 2.5 2.5) (layer F.Fab) (width 0.1))
    (fp_line (start -2.5 -2.5) (end -2.5 2.5) (layer F.Fab) (width 0.1))
    (fp_line (start 2.5 1.5) (end 1.5 2.5) (layer F.Fab) (width 0.1))
    (fp_line (start -3.45 -2.75) (end -3.45 2.75) (layer F.CrtYd) (width 0.05))
    (fp_line (start -3.45 2.75) (end 3.45 2.75) (layer F.CrtYd) (width 0.05))
    (fp_line (start 3.45 2.75) (end 3.45 -2.75) (layer F.CrtYd) (width 0.05))
    (fp_line (start 3.45 -2.75) (end -3.45 -2.75) (layer F.CrtYd) (width 0.05))
    (fp_text user %R (at 0 0 180) (layer F.Fab)
      (effects (font (size 0.8 0.8) (thickness 0.15)))
    )
    (pad 3 smd rect (at -2.45 -1.6 180) (size 1.5 1) (layers F.Cu F.Paste F.Mask)
      (net 3 +5V))
    (pad 4 smd rect (at -2.45 1.6 180) (size 1.5 1) (layers F.Cu F.Paste F.Mask)
      (net 19 "Net-(D15-Pad2)"))
    (pad 2 smd rect (at 2.45 -1.6 180) (size 1.5 1) (layers F.Cu F.Paste F.Mask)
      (net 20 "Net-(D16-Pad2)"))
    (pad 1 smd rect (at 2.45 1.6 180) (size 1.5 1) (layers F.Cu F.Paste F.Mask)
      (net 2 GND))
    (model ${KISYS3DMOD}/LED_SMD.3dshapes/LED_SK6812_PLCC4_5.0x5.0mm_P3.2mm.wrl
      (at (xyz 0 0 0))
      (scale (xyz 1 1 1))
      (rotate (xyz 0 0 0))
    )
  )

  (module LED_SMD:LED_SK6812_PLCC4_5.0x5.0mm_P3.2mm (layer F.Cu) (tedit 5AA4B263) (tstamp 5CC86DF3)
    (at 100 100 180)
    (descr https://cdn-shop.adafruit.com/product-files/1138/SK6812+LED+datasheet+.pdf)
    (tags "LED RGB NeoPixel")
    (path /5C8DC526)
    (attr smd)
    (fp_text reference D10 (at 0 -3.5) (layer F.SilkS)
      (effects (font (size 1 1) (thickness 0.15)))
    )
    (fp_text value SK6812 (at 0 4) (layer F.Fab)
      (effects (font (size 1 1) (thickness 0.15)))
    )
    (fp_circle (center 0 0) (end 0 -2) (layer F.Fab) (width 0.1))
    (fp_line (start 3.65 2.75) (end 3.65 1.6) (layer F.SilkS) (width 0.12))
    (fp_line (start -3.65 2.75) (end 3.65 2.75) (layer F.SilkS) (width 0.12))
    (fp_line (start -3.65 -2.75) (end 3.65 -2.75) (layer F.SilkS) (width 0.12))
    (fp_line (start 2.5 -2.5) (end -2.5 -2.5) (layer F.Fab) (width 0.1))
    (fp_line (start 2.5 2.5) (end 2.5 -2.5) (layer F.Fab) (width 0.1))
    (fp_line (start -2.5 2.5) (end 2.5 2.5) (layer F.Fab) (width 0.1))
    (fp_line (start -2.5 -2.5) (end -2.5 2.5) (layer F.Fab) (width 0.1))
    (fp_line (start 2.5 1.5) (end 1.5 2.5) (layer F.Fab) (width 0.1))
    (fp_line (start -3.45 -2.75) (end -3.45 2.75) (layer F.CrtYd) (width 0.05))
    (fp_line (start -3.45 2.75) (end 3.45 2.75) (layer F.CrtYd) (width 0.05))
    (fp_line (start 3.45 2.75) (end 3.45 -2.75) (layer F.CrtYd) (width 0.05))
    (fp_line (start 3.45 -2.75) (end -3.45 -2.75) (layer F.CrtYd) (width 0.05))
    (fp_text user %R (at 0 0) (layer F.Fab)
      (effects (font (size 0.8 0.8) (thickness 0.15)))
    )
    (pad 3 smd rect (at -2.45 -1.6 180) (size 1.5 1) (layers F.Cu F.Paste F.Mask)
      (net 3 +5V))
    (pad 4 smd rect (at -2.45 1.6 180) (size 1.5 1) (layers F.Cu F.Paste F.Mask)
      (net 13 "Net-(D10-Pad4)"))
    (pad 2 smd rect (at 2.45 -1.6 180) (size 1.5 1) (layers F.Cu F.Paste F.Mask)
      (net 14 "Net-(D10-Pad2)"))
    (pad 1 smd rect (at 2.45 1.6 180) (size 1.5 1) (layers F.Cu F.Paste F.Mask)
      (net 2 GND))
    (model ${KISYS3DMOD}/LED_SMD.3dshapes/LED_SK6812_PLCC4_5.0x5.0mm_P3.2mm.wrl
      (at (xyz 0 0 0))
      (scale (xyz 1 1 1))
      (rotate (xyz 0 0 0))
    )
  )

  (module Clock_Footprints:BS-2-1 (layer B.Cu) (tedit 5CC29FE5) (tstamp 5CC7E708)
    (at 97.75 137)
    (descr "CR2032 Battery Holder, https://datasheet.lcsc.com/szlcsc/Q-J-BS-2-1_C70376.pdf")
    (tags "CR2032 battery holder clip")
    (path /5C8C5B35)
    (fp_text reference BT1 (at 0 -1.27) (layer B.SilkS)
      (effects (font (size 1 1) (thickness 0.15)) (justify mirror))
    )
    (fp_text value CR3032 (at 0 0.5) (layer B.Fab)
      (effects (font (size 1 1) (thickness 0.15)) (justify mirror))
    )
    (fp_line (start 13.25 3.95) (end 13.25 2) (layer B.SilkS) (width 0.15))
    (fp_line (start 13.25 3.95) (end 10.4 3.95) (layer B.SilkS) (width 0.15))
    (fp_line (start 13.25 -3.95) (end 10.4 -3.95) (layer B.SilkS) (width 0.15))
    (fp_arc (start 0 0) (end 10.399999 3.949999) (angle 318.4056754) (layer B.SilkS) (width 0.15))
    (fp_line (start -12.7 12.7) (end 15.24 12.7) (layer F.CrtYd) (width 0.12))
    (fp_line (start 15.24 12.7) (end 15.24 -12.7) (layer F.CrtYd) (width 0.12))
    (fp_line (start 15.24 -12.7) (end -12.7 -12.7) (layer F.CrtYd) (width 0.12))
    (fp_line (start -12.7 -12.7) (end -12.7 12.7) (layer F.CrtYd) (width 0.12))
    (fp_line (start 13.25 -2) (end 13.25 -3.95) (layer B.SilkS) (width 0.15))
    (pad 1 thru_hole circle (at 12.25 0) (size 2.6 2.6) (drill 1.3) (layers *.Cu *.Mask)
      (net 1 "Net-(BT1-Pad1)"))
    (pad 2 thru_hole circle (at -7.75 0) (size 2.6 2.6) (drill 1.3) (layers *.Cu *.Mask)
      (net 2 GND))
  )

  (module Capacitor_SMD:C_0603_1608Metric_Pad1.05x0.95mm_HandSolder (layer B.Cu) (tedit 5B301BBE) (tstamp 5CC85184)
    (at 125.8 128.875 270)
    (descr "Capacitor SMD 0603 (1608 Metric), square (rectangular) end terminal, IPC_7351 nominal with elongated pad for handsoldering. (Body size source: http://www.tortai-tech.com/upload/download/2011102023233369053.pdf), generated with kicad-footprint-generator")
    (tags "capacitor handsolder")
    (path /5CA72617)
    (attr smd)
    (fp_text reference C1 (at 0 1.43 90) (layer B.SilkS)
      (effects (font (size 1 1) (thickness 0.15)) (justify mirror))
    )
    (fp_text value 104 (at 0 -1.43 90) (layer B.Fab)
      (effects (font (size 1 1) (thickness 0.15)) (justify mirror))
    )
    (fp_text user %R (at 0 0 90) (layer B.Fab)
      (effects (font (size 0.4 0.4) (thickness 0.06)) (justify mirror))
    )
    (fp_line (start 1.65 -0.73) (end -1.65 -0.73) (layer B.CrtYd) (width 0.05))
    (fp_line (start 1.65 0.73) (end 1.65 -0.73) (layer B.CrtYd) (width 0.05))
    (fp_line (start -1.65 0.73) (end 1.65 0.73) (layer B.CrtYd) (width 0.05))
    (fp_line (start -1.65 -0.73) (end -1.65 0.73) (layer B.CrtYd) (width 0.05))
    (fp_line (start -0.171267 -0.51) (end 0.171267 -0.51) (layer B.SilkS) (width 0.12))
    (fp_line (start -0.171267 0.51) (end 0.171267 0.51) (layer B.SilkS) (width 0.12))
    (fp_line (start 0.8 -0.4) (end -0.8 -0.4) (layer B.Fab) (width 0.1))
    (fp_line (start 0.8 0.4) (end 0.8 -0.4) (layer B.Fab) (width 0.1))
    (fp_line (start -0.8 0.4) (end 0.8 0.4) (layer B.Fab) (width 0.1))
    (fp_line (start -0.8 -0.4) (end -0.8 0.4) (layer B.Fab) (width 0.1))
    (pad 2 smd roundrect (at 0.875 0 270) (size 1.05 0.95) (layers B.Cu B.Paste B.Mask) (roundrect_rratio 0.25)
      (net 2 GND))
    (pad 1 smd roundrect (at -0.875 0 270) (size 1.05 0.95) (layers B.Cu B.Paste B.Mask) (roundrect_rratio 0.25)
      (net 3 +5V))
    (model ${KISYS3DMOD}/Capacitor_SMD.3dshapes/C_0603_1608Metric.wrl
      (at (xyz 0 0 0))
      (scale (xyz 1 1 1))
      (rotate (xyz 0 0 0))
    )
  )

  (module Capacitor_SMD:C_0603_1608Metric_Pad1.05x0.95mm_HandSolder (layer B.Cu) (tedit 5B301BBE) (tstamp 5CC91656)
    (at 138.125 147 180)
    (descr "Capacitor SMD 0603 (1608 Metric), square (rectangular) end terminal, IPC_7351 nominal with elongated pad for handsoldering. (Body size source: http://www.tortai-tech.com/upload/download/2011102023233369053.pdf), generated with kicad-footprint-generator")
    (tags "capacitor handsolder")
    (path /5CA32FD8)
    (attr smd)
    (fp_text reference C3 (at 0 1.43) (layer B.SilkS)
      (effects (font (size 1 1) (thickness 0.15)) (justify mirror))
    )
    (fp_text value 226 (at 0 -1.43) (layer B.Fab)
      (effects (font (size 1 1) (thickness 0.15)) (justify mirror))
    )
    (fp_text user %R (at 0 0) (layer B.Fab)
      (effects (font (size 0.4 0.4) (thickness 0.06)) (justify mirror))
    )
    (fp_line (start 1.65 -0.73) (end -1.65 -0.73) (layer B.CrtYd) (width 0.05))
    (fp_line (start 1.65 0.73) (end 1.65 -0.73) (layer B.CrtYd) (width 0.05))
    (fp_line (start -1.65 0.73) (end 1.65 0.73) (layer B.CrtYd) (width 0.05))
    (fp_line (start -1.65 -0.73) (end -1.65 0.73) (layer B.CrtYd) (width 0.05))
    (fp_line (start -0.171267 -0.51) (end 0.171267 -0.51) (layer B.SilkS) (width 0.12))
    (fp_line (start -0.171267 0.51) (end 0.171267 0.51) (layer B.SilkS) (width 0.12))
    (fp_line (start 0.8 -0.4) (end -0.8 -0.4) (layer B.Fab) (width 0.1))
    (fp_line (start 0.8 0.4) (end 0.8 -0.4) (layer B.Fab) (width 0.1))
    (fp_line (start -0.8 0.4) (end 0.8 0.4) (layer B.Fab) (width 0.1))
    (fp_line (start -0.8 -0.4) (end -0.8 0.4) (layer B.Fab) (width 0.1))
    (pad 2 smd roundrect (at 0.875 0 180) (size 1.05 0.95) (layers B.Cu B.Paste B.Mask) (roundrect_rratio 0.25)
      (net 2 GND))
    (pad 1 smd roundrect (at -0.875 0 180) (size 1.05 0.95) (layers B.Cu B.Paste B.Mask) (roundrect_rratio 0.25)
      (net 3 +5V))
    (model ${KISYS3DMOD}/Capacitor_SMD.3dshapes/C_0603_1608Metric.wrl
      (at (xyz 0 0 0))
      (scale (xyz 1 1 1))
      (rotate (xyz 0 0 0))
    )
  )

  (module Capacitor_SMD:C_0603_1608Metric_Pad1.05x0.95mm_HandSolder (layer B.Cu) (tedit 5B301BBE) (tstamp 5CC7C8AE)
    (at 64 60 180)
    (descr "Capacitor SMD 0603 (1608 Metric), square (rectangular) end terminal, IPC_7351 nominal with elongated pad for handsoldering. (Body size source: http://www.tortai-tech.com/upload/download/2011102023233369053.pdf), generated with kicad-footprint-generator")
    (tags "capacitor handsolder")
    (path /5C8CB238)
    (attr smd)
    (fp_text reference C4 (at 0 1.43 180) (layer B.SilkS)
      (effects (font (size 1 1) (thickness 0.15)) (justify mirror))
    )
    (fp_text value 104 (at 0 -1.43 180) (layer B.Fab)
      (effects (font (size 1 1) (thickness 0.15)) (justify mirror))
    )
    (fp_text user %R (at 0 0) (layer B.Fab)
      (effects (font (size 0.4 0.4) (thickness 0.06)) (justify mirror))
    )
    (fp_line (start 1.65 -0.73) (end -1.65 -0.73) (layer B.CrtYd) (width 0.05))
    (fp_line (start 1.65 0.73) (end 1.65 -0.73) (layer B.CrtYd) (width 0.05))
    (fp_line (start -1.65 0.73) (end 1.65 0.73) (layer B.CrtYd) (width 0.05))
    (fp_line (start -1.65 -0.73) (end -1.65 0.73) (layer B.CrtYd) (width 0.05))
    (fp_line (start -0.171267 -0.51) (end 0.171267 -0.51) (layer B.SilkS) (width 0.12))
    (fp_line (start -0.171267 0.51) (end 0.171267 0.51) (layer B.SilkS) (width 0.12))
    (fp_line (start 0.8 -0.4) (end -0.8 -0.4) (layer B.Fab) (width 0.1))
    (fp_line (start 0.8 0.4) (end 0.8 -0.4) (layer B.Fab) (width 0.1))
    (fp_line (start -0.8 0.4) (end 0.8 0.4) (layer B.Fab) (width 0.1))
    (fp_line (start -0.8 -0.4) (end -0.8 0.4) (layer B.Fab) (width 0.1))
    (pad 2 smd roundrect (at 0.875 0 180) (size 1.05 0.95) (layers B.Cu B.Paste B.Mask) (roundrect_rratio 0.25)
      (net 2 GND))
    (pad 1 smd roundrect (at -0.875 0 180) (size 1.05 0.95) (layers B.Cu B.Paste B.Mask) (roundrect_rratio 0.25)
      (net 3 +5V))
    (model ${KISYS3DMOD}/Capacitor_SMD.3dshapes/C_0603_1608Metric.wrl
      (at (xyz 0 0 0))
      (scale (xyz 1 1 1))
      (rotate (xyz 0 0 0))
    )
  )

  (module Capacitor_SMD:C_0603_1608Metric_Pad1.05x0.95mm_HandSolder (layer B.Cu) (tedit 5B301BBE) (tstamp 5CC7C8BF)
    (at 64 76 180)
    (descr "Capacitor SMD 0603 (1608 Metric), square (rectangular) end terminal, IPC_7351 nominal with elongated pad for handsoldering. (Body size source: http://www.tortai-tech.com/upload/download/2011102023233369053.pdf), generated with kicad-footprint-generator")
    (tags "capacitor handsolder")
    (path /5C8CC884)
    (attr smd)
    (fp_text reference C5 (at 0 1.43 180) (layer B.SilkS)
      (effects (font (size 1 1) (thickness 0.15)) (justify mirror))
    )
    (fp_text value 104 (at 0 -1.43 180) (layer B.Fab)
      (effects (font (size 1 1) (thickness 0.15)) (justify mirror))
    )
    (fp_line (start -0.8 -0.4) (end -0.8 0.4) (layer B.Fab) (width 0.1))
    (fp_line (start -0.8 0.4) (end 0.8 0.4) (layer B.Fab) (width 0.1))
    (fp_line (start 0.8 0.4) (end 0.8 -0.4) (layer B.Fab) (width 0.1))
    (fp_line (start 0.8 -0.4) (end -0.8 -0.4) (layer B.Fab) (width 0.1))
    (fp_line (start -0.171267 0.51) (end 0.171267 0.51) (layer B.SilkS) (width 0.12))
    (fp_line (start -0.171267 -0.51) (end 0.171267 -0.51) (layer B.SilkS) (width 0.12))
    (fp_line (start -1.65 -0.73) (end -1.65 0.73) (layer B.CrtYd) (width 0.05))
    (fp_line (start -1.65 0.73) (end 1.65 0.73) (layer B.CrtYd) (width 0.05))
    (fp_line (start 1.65 0.73) (end 1.65 -0.73) (layer B.CrtYd) (width 0.05))
    (fp_line (start 1.65 -0.73) (end -1.65 -0.73) (layer B.CrtYd) (width 0.05))
    (fp_text user %R (at 0 0) (layer B.Fab)
      (effects (font (size 0.4 0.4) (thickness 0.06)) (justify mirror))
    )
    (pad 1 smd roundrect (at -0.875 0 180) (size 1.05 0.95) (layers B.Cu B.Paste B.Mask) (roundrect_rratio 0.25)
      (net 3 +5V))
    (pad 2 smd roundrect (at 0.875 0 180) (size 1.05 0.95) (layers B.Cu B.Paste B.Mask) (roundrect_rratio 0.25)
      (net 2 GND))
    (model ${KISYS3DMOD}/Capacitor_SMD.3dshapes/C_0603_1608Metric.wrl
      (at (xyz 0 0 0))
      (scale (xyz 1 1 1))
      (rotate (xyz 0 0 0))
    )
  )

  (module Capacitor_SMD:C_0603_1608Metric_Pad1.05x0.95mm_HandSolder (layer B.Cu) (tedit 5B301BBE) (tstamp 5CC7C8D0)
    (at 64.125 92 180)
    (descr "Capacitor SMD 0603 (1608 Metric), square (rectangular) end terminal, IPC_7351 nominal with elongated pad for handsoldering. (Body size source: http://www.tortai-tech.com/upload/download/2011102023233369053.pdf), generated with kicad-footprint-generator")
    (tags "capacitor handsolder")
    (path /5C8CCD6B)
    (attr smd)
    (fp_text reference C6 (at 0 1.43 180) (layer B.SilkS)
      (effects (font (size 1 1) (thickness 0.15)) (justify mirror))
    )
    (fp_text value 104 (at 0 -1.43 180) (layer B.Fab)
      (effects (font (size 1 1) (thickness 0.15)) (justify mirror))
    )
    (fp_text user %R (at 0 0 180) (layer B.Fab)
      (effects (font (size 0.4 0.4) (thickness 0.06)) (justify mirror))
    )
    (fp_line (start 1.65 -0.73) (end -1.65 -0.73) (layer B.CrtYd) (width 0.05))
    (fp_line (start 1.65 0.73) (end 1.65 -0.73) (layer B.CrtYd) (width 0.05))
    (fp_line (start -1.65 0.73) (end 1.65 0.73) (layer B.CrtYd) (width 0.05))
    (fp_line (start -1.65 -0.73) (end -1.65 0.73) (layer B.CrtYd) (width 0.05))
    (fp_line (start -0.171267 -0.51) (end 0.171267 -0.51) (layer B.SilkS) (width 0.12))
    (fp_line (start -0.171267 0.51) (end 0.171267 0.51) (layer B.SilkS) (width 0.12))
    (fp_line (start 0.8 -0.4) (end -0.8 -0.4) (layer B.Fab) (width 0.1))
    (fp_line (start 0.8 0.4) (end 0.8 -0.4) (layer B.Fab) (width 0.1))
    (fp_line (start -0.8 0.4) (end 0.8 0.4) (layer B.Fab) (width 0.1))
    (fp_line (start -0.8 -0.4) (end -0.8 0.4) (layer B.Fab) (width 0.1))
    (pad 2 smd roundrect (at 0.875 0 180) (size 1.05 0.95) (layers B.Cu B.Paste B.Mask) (roundrect_rratio 0.25)
      (net 2 GND))
    (pad 1 smd roundrect (at -0.875 0 180) (size 1.05 0.95) (layers B.Cu B.Paste B.Mask) (roundrect_rratio 0.25)
      (net 3 +5V))
    (model ${KISYS3DMOD}/Capacitor_SMD.3dshapes/C_0603_1608Metric.wrl
      (at (xyz 0 0 0))
      (scale (xyz 1 1 1))
      (rotate (xyz 0 0 0))
    )
  )

  (module Capacitor_SMD:C_0603_1608Metric_Pad1.05x0.95mm_HandSolder (layer B.Cu) (tedit 5B301BBE) (tstamp 5CC7C8E1)
    (at 64 108 180)
    (descr "Capacitor SMD 0603 (1608 Metric), square (rectangular) end terminal, IPC_7351 nominal with elongated pad for handsoldering. (Body size source: http://www.tortai-tech.com/upload/download/2011102023233369053.pdf), generated with kicad-footprint-generator")
    (tags "capacitor handsolder")
    (path /5C8CD33B)
    (attr smd)
    (fp_text reference C7 (at 0 1.43 180) (layer B.SilkS)
      (effects (font (size 1 1) (thickness 0.15)) (justify mirror))
    )
    (fp_text value 104 (at 0 -1.43 180) (layer B.Fab)
      (effects (font (size 1 1) (thickness 0.15)) (justify mirror))
    )
    (fp_line (start -0.8 -0.4) (end -0.8 0.4) (layer B.Fab) (width 0.1))
    (fp_line (start -0.8 0.4) (end 0.8 0.4) (layer B.Fab) (width 0.1))
    (fp_line (start 0.8 0.4) (end 0.8 -0.4) (layer B.Fab) (width 0.1))
    (fp_line (start 0.8 -0.4) (end -0.8 -0.4) (layer B.Fab) (width 0.1))
    (fp_line (start -0.171267 0.51) (end 0.171267 0.51) (layer B.SilkS) (width 0.12))
    (fp_line (start -0.171267 -0.51) (end 0.171267 -0.51) (layer B.SilkS) (width 0.12))
    (fp_line (start -1.65 -0.73) (end -1.65 0.73) (layer B.CrtYd) (width 0.05))
    (fp_line (start -1.65 0.73) (end 1.65 0.73) (layer B.CrtYd) (width 0.05))
    (fp_line (start 1.65 0.73) (end 1.65 -0.73) (layer B.CrtYd) (width 0.05))
    (fp_line (start 1.65 -0.73) (end -1.65 -0.73) (layer B.CrtYd) (width 0.05))
    (fp_text user %R (at 0 0 180) (layer B.Fab)
      (effects (font (size 0.4 0.4) (thickness 0.06)) (justify mirror))
    )
    (pad 1 smd roundrect (at -0.875 0 180) (size 1.05 0.95) (layers B.Cu B.Paste B.Mask) (roundrect_rratio 0.25)
      (net 3 +5V))
    (pad 2 smd roundrect (at 0.875 0 180) (size 1.05 0.95) (layers B.Cu B.Paste B.Mask) (roundrect_rratio 0.25)
      (net 2 GND))
    (model ${KISYS3DMOD}/Capacitor_SMD.3dshapes/C_0603_1608Metric.wrl
      (at (xyz 0 0 0))
      (scale (xyz 1 1 1))
      (rotate (xyz 0 0 0))
    )
  )

  (module Capacitor_SMD:C_0603_1608Metric_Pad1.05x0.95mm_HandSolder (layer B.Cu) (tedit 5B301BBE) (tstamp 5CC7C8F2)
    (at 64 124 180)
    (descr "Capacitor SMD 0603 (1608 Metric), square (rectangular) end terminal, IPC_7351 nominal with elongated pad for handsoldering. (Body size source: http://www.tortai-tech.com/upload/download/2011102023233369053.pdf), generated with kicad-footprint-generator")
    (tags "capacitor handsolder")
    (path /5C8CD956)
    (attr smd)
    (fp_text reference C8 (at 0 1.43 180) (layer B.SilkS)
      (effects (font (size 1 1) (thickness 0.15)) (justify mirror))
    )
    (fp_text value 104 (at 0 -1.43 180) (layer B.Fab)
      (effects (font (size 1 1) (thickness 0.15)) (justify mirror))
    )
    (fp_text user %R (at 0 0 180) (layer B.Fab)
      (effects (font (size 0.4 0.4) (thickness 0.06)) (justify mirror))
    )
    (fp_line (start 1.65 -0.73) (end -1.65 -0.73) (layer B.CrtYd) (width 0.05))
    (fp_line (start 1.65 0.73) (end 1.65 -0.73) (layer B.CrtYd) (width 0.05))
    (fp_line (start -1.65 0.73) (end 1.65 0.73) (layer B.CrtYd) (width 0.05))
    (fp_line (start -1.65 -0.73) (end -1.65 0.73) (layer B.CrtYd) (width 0.05))
    (fp_line (start -0.171267 -0.51) (end 0.171267 -0.51) (layer B.SilkS) (width 0.12))
    (fp_line (start -0.171267 0.51) (end 0.171267 0.51) (layer B.SilkS) (width 0.12))
    (fp_line (start 0.8 -0.4) (end -0.8 -0.4) (layer B.Fab) (width 0.1))
    (fp_line (start 0.8 0.4) (end 0.8 -0.4) (layer B.Fab) (width 0.1))
    (fp_line (start -0.8 0.4) (end 0.8 0.4) (layer B.Fab) (width 0.1))
    (fp_line (start -0.8 -0.4) (end -0.8 0.4) (layer B.Fab) (width 0.1))
    (pad 2 smd roundrect (at 0.875 0 180) (size 1.05 0.95) (layers B.Cu B.Paste B.Mask) (roundrect_rratio 0.25)
      (net 2 GND))
    (pad 1 smd roundrect (at -0.875 0 180) (size 1.05 0.95) (layers B.Cu B.Paste B.Mask) (roundrect_rratio 0.25)
      (net 3 +5V))
    (model ${KISYS3DMOD}/Capacitor_SMD.3dshapes/C_0603_1608Metric.wrl
      (at (xyz 0 0 0))
      (scale (xyz 1 1 1))
      (rotate (xyz 0 0 0))
    )
  )

  (module Capacitor_SMD:C_0603_1608Metric_Pad1.05x0.95mm_HandSolder (layer B.Cu) (tedit 5B301BBE) (tstamp 5CC7C903)
    (at 64 140 180)
    (descr "Capacitor SMD 0603 (1608 Metric), square (rectangular) end terminal, IPC_7351 nominal with elongated pad for handsoldering. (Body size source: http://www.tortai-tech.com/upload/download/2011102023233369053.pdf), generated with kicad-footprint-generator")
    (tags "capacitor handsolder")
    (path /5C8CE00E)
    (attr smd)
    (fp_text reference C9 (at 0 1.43 180) (layer B.SilkS)
      (effects (font (size 1 1) (thickness 0.15)) (justify mirror))
    )
    (fp_text value 104 (at 0 -1.43) (layer B.Fab)
      (effects (font (size 1 1) (thickness 0.15)) (justify mirror))
    )
    (fp_line (start -0.8 -0.4) (end -0.8 0.4) (layer B.Fab) (width 0.1))
    (fp_line (start -0.8 0.4) (end 0.8 0.4) (layer B.Fab) (width 0.1))
    (fp_line (start 0.8 0.4) (end 0.8 -0.4) (layer B.Fab) (width 0.1))
    (fp_line (start 0.8 -0.4) (end -0.8 -0.4) (layer B.Fab) (width 0.1))
    (fp_line (start -0.171267 0.51) (end 0.171267 0.51) (layer B.SilkS) (width 0.12))
    (fp_line (start -0.171267 -0.51) (end 0.171267 -0.51) (layer B.SilkS) (width 0.12))
    (fp_line (start -1.65 -0.73) (end -1.65 0.73) (layer B.CrtYd) (width 0.05))
    (fp_line (start -1.65 0.73) (end 1.65 0.73) (layer B.CrtYd) (width 0.05))
    (fp_line (start 1.65 0.73) (end 1.65 -0.73) (layer B.CrtYd) (width 0.05))
    (fp_line (start 1.65 -0.73) (end -1.65 -0.73) (layer B.CrtYd) (width 0.05))
    (fp_text user %R (at 0 0) (layer B.Fab)
      (effects (font (size 0.4 0.4) (thickness 0.06)) (justify mirror))
    )
    (pad 1 smd roundrect (at -0.875 0 180) (size 1.05 0.95) (layers B.Cu B.Paste B.Mask) (roundrect_rratio 0.25)
      (net 3 +5V))
    (pad 2 smd roundrect (at 0.875 0 180) (size 1.05 0.95) (layers B.Cu B.Paste B.Mask) (roundrect_rratio 0.25)
      (net 2 GND))
    (model ${KISYS3DMOD}/Capacitor_SMD.3dshapes/C_0603_1608Metric.wrl
      (at (xyz 0 0 0))
      (scale (xyz 1 1 1))
      (rotate (xyz 0 0 0))
    )
  )

  (module Capacitor_SMD:C_0603_1608Metric_Pad1.05x0.95mm_HandSolder (layer B.Cu) (tedit 5B301BBE) (tstamp 5CC86F4A)
    (at 100 84 180)
    (descr "Capacitor SMD 0603 (1608 Metric), square (rectangular) end terminal, IPC_7351 nominal with elongated pad for handsoldering. (Body size source: http://www.tortai-tech.com/upload/download/2011102023233369053.pdf), generated with kicad-footprint-generator")
    (tags "capacitor handsolder")
    (path /5C8DC554)
    (attr smd)
    (fp_text reference C10 (at 0 1.43) (layer B.SilkS)
      (effects (font (size 1 1) (thickness 0.15)) (justify mirror))
    )
    (fp_text value 104 (at 0 -1.43) (layer B.Fab)
      (effects (font (size 1 1) (thickness 0.15)) (justify mirror))
    )
    (fp_line (start -0.8 -0.4) (end -0.8 0.4) (layer B.Fab) (width 0.1))
    (fp_line (start -0.8 0.4) (end 0.8 0.4) (layer B.Fab) (width 0.1))
    (fp_line (start 0.8 0.4) (end 0.8 -0.4) (layer B.Fab) (width 0.1))
    (fp_line (start 0.8 -0.4) (end -0.8 -0.4) (layer B.Fab) (width 0.1))
    (fp_line (start -0.171267 0.51) (end 0.171267 0.51) (layer B.SilkS) (width 0.12))
    (fp_line (start -0.171267 -0.51) (end 0.171267 -0.51) (layer B.SilkS) (width 0.12))
    (fp_line (start -1.65 -0.73) (end -1.65 0.73) (layer B.CrtYd) (width 0.05))
    (fp_line (start -1.65 0.73) (end 1.65 0.73) (layer B.CrtYd) (width 0.05))
    (fp_line (start 1.65 0.73) (end 1.65 -0.73) (layer B.CrtYd) (width 0.05))
    (fp_line (start 1.65 -0.73) (end -1.65 -0.73) (layer B.CrtYd) (width 0.05))
    (fp_text user %R (at 0 0 180) (layer B.Fab)
      (effects (font (size 0.4 0.4) (thickness 0.06)) (justify mirror))
    )
    (pad 1 smd roundrect (at -0.875 0 180) (size 1.05 0.95) (layers B.Cu B.Paste B.Mask) (roundrect_rratio 0.25)
      (net 3 +5V))
    (pad 2 smd roundrect (at 0.875 0 180) (size 1.05 0.95) (layers B.Cu B.Paste B.Mask) (roundrect_rratio 0.25)
      (net 2 GND))
    (model ${KISYS3DMOD}/Capacitor_SMD.3dshapes/C_0603_1608Metric.wrl
      (at (xyz 0 0 0))
      (scale (xyz 1 1 1))
      (rotate (xyz 0 0 0))
    )
  )

  (module Capacitor_SMD:C_0603_1608Metric_Pad1.05x0.95mm_HandSolder (layer B.Cu) (tedit 5B301BBE) (tstamp 5CC8ED0F)
    (at 100.125 100 180)
    (descr "Capacitor SMD 0603 (1608 Metric), square (rectangular) end terminal, IPC_7351 nominal with elongated pad for handsoldering. (Body size source: http://www.tortai-tech.com/upload/download/2011102023233369053.pdf), generated with kicad-footprint-generator")
    (tags "capacitor handsolder")
    (path /5C8DC568)
    (attr smd)
    (fp_text reference C11 (at 0 1.43) (layer B.SilkS)
      (effects (font (size 1 1) (thickness 0.15)) (justify mirror))
    )
    (fp_text value 104 (at 0 -1.43) (layer B.Fab)
      (effects (font (size 1 1) (thickness 0.15)) (justify mirror))
    )
    (fp_text user %R (at 0 0 180) (layer B.Fab)
      (effects (font (size 0.4 0.4) (thickness 0.06)) (justify mirror))
    )
    (fp_line (start 1.65 -0.73) (end -1.65 -0.73) (layer B.CrtYd) (width 0.05))
    (fp_line (start 1.65 0.73) (end 1.65 -0.73) (layer B.CrtYd) (width 0.05))
    (fp_line (start -1.65 0.73) (end 1.65 0.73) (layer B.CrtYd) (width 0.05))
    (fp_line (start -1.65 -0.73) (end -1.65 0.73) (layer B.CrtYd) (width 0.05))
    (fp_line (start -0.171267 -0.51) (end 0.171267 -0.51) (layer B.SilkS) (width 0.12))
    (fp_line (start -0.171267 0.51) (end 0.171267 0.51) (layer B.SilkS) (width 0.12))
    (fp_line (start 0.8 -0.4) (end -0.8 -0.4) (layer B.Fab) (width 0.1))
